48

11, 1. 11111166, 1. 66, 4166). 1111, 16, 1 (bis). 46, 1
11116).11111,69, 3. 76, 2. 1111111. 66116111 ΙΙ, 24, 2. ΙΙΙ, 40, 1.
61, 1 (bis). V, 53, 1. VII, 3, 3. 14, 3. VIII, 81, 3. 98, 2.
Cum dativo et infinitivo jungitur ΙΙ, 92, 4 αἶς ἔδει παρα-
γενέσθαι 61 ΙΙΙ, 102, 4 ἕως τοῖς Ἀμπρακιώταις δέοι βοηθεῖν.
χρή. 161. praesentis: Ι, 9, 3. 10, 4. 40, 4. 69, 2. 78, 2.
82, 4. 119. 139, 4. 144, 461 1445166116).ΙΙ,11,4.44,1.
· 64, 3. 64, 1. (111, 43, 3). 111, 46, 4. 46, 61161. 66, 4. 64, 1.
IV, 29, 4. 68, 3 (1116).68,5(1116). 125, 1. V, 61, 2. VI, 9, 1. 11, 5.
12, 1 (6611.) 22, 1-3 (quinquies). 25, l 1161138, 3. 49, 1
(1116)· 49, 3. 57, 2. 85, 1. 91, 4. 91, 5. VII, 21, 1. 47, 2.
48, 6. 61, 1 (1116162, 3. 77, 1. VIII, 1, 41161). 51, 1 (1116).
78, 211116). 84, 3 (1116). 89, 3 (bis). 92,10. 95, 3. χρεώνε
,ΙΙ, 61, 3 (bis). VI, 18, 1 (bis). 18, 2. - 1616111166 6611611
6411611611 Ι, 40, 1. 80, 2. 91, 1. 143, 4, II, 4, 1. ΙΠ, 11, 3.
61, 1. 66, 4. 614. 11166166). 611. 116, 4. 61,.1.
126, 3. 1163211116). 11Ι,9,1(1116). 22, 2. 23, 1. 60,2
(bis). 11, 4. 1111, 44, 111111, 1,4 (bis). 61, 6. 46, 6. χρεών
V, 49, 30116).
εἰκός. 1111111. 1116661 Ι, 10, 4 (161). ΙΙ, 62, 4. ΙΙΙ, 55, 1
55, 2. 111, 80,1. 85, 3. 1111, 44,2 (bis). Ins. 6611611 ΙΙ, 53, 3.

9) INFINITIVUS QUI SUPPLEMIINTI VIOE ITA 41118οΤ1-
VIS ADDITUR‚ UT IDEM VALEAT, QUOD LATINI] SUPI·
NUM IN -6 VEL GERUNDIUM CUM PRAEPOSITIONE ΑΙ). ,

ἀδύνατος. Ρ1·666.1111.1 I, 73, 3. 105, 3. 141, 5.
11, 11, 4. 61, 1. 64, 1. 166, 1. 111, 11, 1. 41, 41111161.
VI, 91, 2. VII, 15, 1. 1111. 66116111 I, 32, 4. 117, 3. III, 10, 3.
37, 5. IV, 12, 2. 84, 2. 85, 4. V, 33, 2. VI, 86,2. 102, 2.
VII, 43, 2. 64, 2. VIII, 56, 3. 66, 3. 68, 4.

δυνατός. 161. praesentis: I, 139, 4 (bis). II, 28. ΙΙΙ,
38, 3. 39, 41. 46, 1. 47, 3. IV, 66, 2. V, 21, 2. VIII, 44, 1. ²
76, 3. 76,’ 4 (bis). 1111. 66116111 1.·128, 5. 141, 5. II, 72, 4,
97, 5. ΙΙΙ, 46, 1. 86, 2. VI, 86, 2. VII, 56211111, 106, 3.

 

