31

eum aoristo vu, 70, 7 et VIII, 92, Θ. θεοὺς ἐπιβοώμενηι
πεῖναι ΙΙΙ, 59, 2.

ἔπιθειαζάντων μὴ κατάγειν vm, 53, 2. ἐπεμαρτύ-
ρετο μὴ ἀποδέχεσθαι, ἄλλ) ἤδη &manahim VI, 29, 2. ἀνά-
κλησις θεῶν μὴ στερῆσαι V11, 71, 2.

κελεύω ejusque composita. Infin. praesentis: Ι, 26, 1.
26, 2. 28, 1. 44, 1. 42, 2. 56, 4 (bis). 67, 2. 82, 4 (sexies).
90, 3 (ter). 91, 2. 407, 4. 423, 3. 126, 4. 428, 2. 438, 4.
430, 4 (bis). 140, 4 (ter). 11, 42, 2. 43, 3. 24, 2, 73, 4.
84, 4. 85, 4, 141, 27. 02, 4. 94, 4. 97, 4. 405, 4. 442, 3.
lv, 3, 1. 22, 2. 28, 4, 38, 2. 48, 1. 93, 2. 104, 3. 408, 3.
108, 5. 114, 1. 114, 5. 130, 5. 132, 2. v, 10, 3. 24, 4 (bis).
22, 1. 30, 6 (bis). 32, 4. 41, 3. 43, 3. 46, 2. 64, 4. 64, 3.
84, 4. VI, 7, 3. 54, 2. 53, 1. 62, 4. 88, 7. 03, 2, 03, 3
(m). vn, 1, 3. 5, 3. 21, 5 44444). 34, 3. 34, 4. 35, 4. 65.
73, 4. 83, 1. 85, 4. 85, 2. VIII, 7, 2. 9, 3. 44, 2. 27, 4 (his).
34, 4 (bis). 35, 2. 38, 3. 43, 4. 45, 3. 46, 4. 70, 4. 86, 4.
86, 5 (bis). 87, 1. 80, ubis). 100, 2. IV, 28, 3. vm, 97, 2.
Ι, 128, 1. VI, 13 (quater), Iufiuitivus antisti: Ι, 56, 1. 90, 3.
91, 2 (ter). 101, 1. 129, 4. 443, 5 (his). 11, 6, 2. 67, 3,
73, 4. 85, 3141, 7, 4. 36, 3. 44, 4. 55, 4. 84, 4.1ν, 11, 3
(ter). 22, 4. 30, 3. 70, 4. 08, 5. v, 21, 2 (544). 32, 4 (bis).
32, 5. 44, 3. 46, 2. 46, 3. 72, 4. 80, 3, Vl, 51, 1. 58, 1.
101, 2. 402, 2. vn, 39, 2 (bis). 50, 4. 85, 4. vm, 46, 4.
VI, 43 (bis).

λέγω. 1, 78, 3 (ter). ΙΙ, 71, 3 (ter). Π, 5, 3 (pram).
vm, 6⁸1, 3 (aon). προςπέμψαντσς λόγους dign μνησθῆναι
VIII, 47, 2. ἀντέλεγε μὴ ἀποκτεῖναι ΙΙΙ, 41, διελεγέιιθην
μὴ ποιεῖν μάχην v, 59, 5.

elam» ejusque eomposita« Inf. praem: 1, 131, 1. Π, 6, 2.
24, 2. 141, 71. 141, 2, 2. 08, 5. 448, 0. Ι, 35, 4. 135, 2.
430, 2. 140, 3 (ιω-ι. 1, 40, 2. v, 30, 2. 30, 2. 40, 2, 58, 4.
VI, 30, 1. VI, 42, 6. 61, 4. 67, 2. vn, 4, 7, 48, 3, 20, ⁴
20, 3. 77, 6. vl, 43, 4, vm, 09, 3. 86, 6. 39, 2 (quat
22, 4. 64, 4. 60, 2. 1, 26, 3. 43, 4. 45, 2. 11, 13, 1, 84,
111, 56, 4. 404, 4. 141, 26, 3. lv, 80, 2. v, 30, 6, 64,

