58

η2η2ψ4ῆ2ἢ1ω1ἢ2η1η
11111161111111ΜΛ11
11η31η11111111111η1111
111111111111111111
szImamAwfflanmnmmI
111111111111111111
mssQaQOmffianQOz
3. 48, 1. 56, 1. 59, 1. 68, 1. 69, 2. 13, 1. 74, 1.17, 6. 81,
111110111111111111
2. 80, 1. 94, 1. 96, 2. 106, 3. (VIII, 71, 1.) —· 1111111111
1111111111, 52, 3. 123, 3. 124, 2. ΙΙ, 3,1. 94, 1. 62, 3. IV,
68, 1. 198, 2. 128, 2. V, 11, 2. 42, 3. 66, 4. VI, 8, 3. 51,
2. 91, 5. 93, 1. VII, 18, 4. 69, 2. 69, 4. VIII, 15, 1. 56, 5.
199, 1. 111111111111111111 I, 93, 4 (bis). 105, 3111111112,
4111, 13, 2. 13, 5. 68, 1. IV, 2, 2. 21,1 (bis). 69, 3. 19,1.
1111111111111111ΉΜ

Μ111111η111ω1111
ffifflmwfflssfflmfflfflmmw-

48, 5. 71, 1. 75, 3. 199, 2. 111. 11111111 1, 1, 2. 19, 4. 128,1.
11111111111Μ111111
31, 4. VI, 61, 4. 111,11,2. 40, 2. - Praesens 1. Vr:
111Μ1ΗΗ11111111111
V, 11, 2.’16, 1. 17, 1. 22,·2. 32, 2. 31, 2 (bis). VI, 18, 7.
22,Ι 3. 28, 2. 34, 2. IV, 73, 2 ἂν 11311311 ·- ξυμβαίνειν
(811111). - 11111111111111 ἄγε Ι, 72, 2. II, 36, 3. 10, 3.
11η111ω11111ωᾼω
V, 8, 3. 111, 14 (bis). 98, 1. 192, 4. 103, 2. VII, 8, 2.
VIII, 41, 1. 68, 3. VIII, 2, 1. - 11111111111111111.1111
1111110111Νω11

οἶμαι. 11111. praesentim I, 20, 411111). 69, 3. 11,1.
11111111112111111
&ImwaffifflnfflffmzmszI
11111301111111111
91, 3. VII, 42, 4ζ VIII, 92, 7. 95, 2. 111.11111111;11,85,2.
94, 1. V, 40,2 (bis). 111,32,3. VII, 61,3.’11111, 32, 7 (bis).
111111111111 I, 33, 3. 10, 2. 141, 6. 143, 5. 11, 89, 2.

 

